user             fecha_anio             
@ClaudiaNicolasa 0             6125700.0
                 1             8857700.0
                 2             1287000.0
@NickiNicoleOk   0            43334000.0
                 1           393752000.0
                 2           187256000.0
                 3           201000000.0
                 4           549700000.0
                 5           161000000.0
@amaiaromero     0              393000.0
                 2             9125000.0
                 3              616000.0
                 4             5500000.0
                 5            10309000.0
@belen_aguilera  0             1224000.0
                 1             2701000.0
                 2             9655200.0
                 3            10323000.0
                 4             5493000.0
                 5             5592000.0